organism_identifier = YFT_20210907_01

FICHIER XLSX

MULTIPOINT ((-13.35 3.80), (-0.22 1.00), (6.85 -0.55), (5.02 0.32), (-16.90 3.22), (-24.28 -3.00), (-14.35 8.22), (-24.05 3.68), (6.03 -0.20), (-23.53 1.75), (-24.08 3.80), (NA NA))

TO

POINT (6,03333333333333 -0,2)
POINT (-16,9 3,21666666666667)
POINT (-0,216666666666667 1)
POINT (4,65 0,30)
POINT (5,01666666666667 0,316666666666667)
POINT (6,85 -0,55)
POINT (-13,35 3,8)
POINT (-14,35 8,21666666666667)
POINT (-24,0833333333333 3,8)
POINT (-24,05 3,68333333333333)
POINT (-23,5333333333333 1,75)
POINT (-24,2833333333333 -3)

AG

POINT (6,03333333333333 -0,2)
POINT (-16,9 3,21666666666667)
POINT (-0,216666666666667 1)
POINT(4,65 0,533333333333333)
POINT (5,01666666666667 0,316666666666667)
POINT (6,85 -0,55)
POINT (-13,35 3,8)
POINT (-14,35 8,21666666666667)
POINT (-24,0833333333333 3,8)
POINT (-24,05 3,68333333333333)
POINT (-23,5333333333333 1,75)
POINT (-24,2833333333333 -3)

POINT (6,85 -0,55)
